00001:  9.98422958601355e-01,  9.99999996083990e-01,  9.99997516862642e-01,  9.98425445667084e-01,  1.57704139246914e-03, -3.32479751393016e-20,  2.57678372426869e-20, -1.42097076166484e-20
00002:  9.88104229411036e-01,  9.99879763359883e-01,  9.99956235310123e-01,  1.00557768922384e+00,  3.17431787132033e-03,  2.50904034242168e-06,  5.92804412116296e-17,  5.27428126276524e-18
00003:  9.77910031493697e-01,  9.99655173832676e-01,  9.99861212357798e-01,  1.01275712836556e+00,  4.79219052038777e-03,  7.55182815920341e-06,  3.95702711951822e-09,  6.29164576271455e-18
00004:  9.67839556202175e-01,  9.99328280393063e-01,  9.99711384626622e-01,  1.01996297358122e+00,  6.43102612100157e-03,  1.51536905916796e-05,  1.58547737744357e-08,  6.24104064709850e-12
00005:  9.57891963881131e-01,  9.98901153509146e-01,  9.99505730647841e-01,  1.02719440193180e+00,  8.09119720165151e-03,  2.53405862499882e-05,  3.97045208856184e-08,  3.12233012049475e-11
00006:  9.48066385508441e-01,  9.98375878893658e-01,  9.99243271753414e-01,  1.03445055686549e+00,  9.77308208638287e-03,  3.81391168106672e-05,  7.95465731808056e-08,  9.38343340725626e-11
00007:  9.38361924336853e-01,  9.97754555192849e-01,  9.98923072842028e-01,  1.04173054801894e+00,  1.14770649481957e-02,  5.35765417430081e-05,  1.39448622639704e-07,  2.19292199055604e-10
00008:  9.28777657582400e-01,  9.97039291757545e-01,  9.98544243251247e-01,  1.04903345069206e+00,  1.32035358070772e-02,  7.16808644511024e-05,  2.23532054757474e-07,  4.72639623534735e-10
00009:  9.19312637140966e-01,  9.96232206252411e-01,  9.98105937763823e-01,  1.05635830804589e+00,  1.49528908566536e-02,  9.24804634953065e-05,  3.35934313106489e-07,  8.11226740234711e-10
00010:  9.09965893229627e-01,  9.95335423077752e-01,  9.97607356690217e-01,  1.06370412583498e+00,  1.67255320203294e-02,  1.16004920036067e-04,  4.80766889890100e-07,  1.36880959637242e-09
00011:  9.00736432714719e-01,  9.94351070449866e-01,  9.97047747094323e-01,  1.07106987967132e+00,  1.85218666440076e-02,  1.42283948936688e-04,  6.62199182380455e-07,  2.10040624752426e-09
00012:  8.91623244070495e-01,  9.93281278982227e-01,  9.96426403125484e-01,  1.07845450676328e+00,  2.03423097585647e-02,  1.71348531455628e-04,  8.84600579591078e-07,  3.14843914765538e-09
00013:  8.82625295436463e-01,  9.92128179233303e-01,  9.95742666522910e-01,  1.08585691415171e+00,  2.21872805425007e-02,  2.03229967532542e-04,  1.15200020583617e-06,  4.57175759519453e-09
00014:  8.73741539079108e-01,  9.90893900371962e-01,  9.94995927791495e-01,  1.09327597114464e+00,  2.40572060334231e-02,  2.37960547357461e-04,  1.46901286446549e-06,  6.38666618414960e-09
00015:  8.64970909954040e-01,  9.89580567719749e-01,  9.94185624888205e-01,  1.10071051637807e+00,  2.59525182058534e-02,  2.75573160700566e-04,  1.83969624578062e-06,  8.64872190485463e-09
00016:  8.56312329721298e-01,  9.88190301240742e-01,  9.93311246440872e-01,  1.10815935071854e+00,  2.78736558434587e-02,  3.16101632022786e-04,  2.26865373789225e-06,  1.15657869062409e-08
00017:  8.47764704920711e-01,  9.86725213458257e-01,  9.92372329095559e-01,  1.11562124632674e+00,  2.98210636713924e-02,  3.59580238115188e-04,  2.76018521079690e-06,  1.50505814311953e-08
00018:  8.39326932143834e-01,  9.85187408701772e-01,  9.91368460336801e-01,  1.12309493489820e+00,  3.17951927567421e-02,  4.06044649799021e-04,  3.31876706070415e-06,  1.93988298044396e-08
00019:  8.30997894533991e-01,  9.83578979573386e-01,  9.90299276347530e-01,  1.13057912212141e+00,  3.37965002741331e-02,  4.55530708262992e-04,  3.94887453622470e-06,  2.44914709885884e-08
00020:  8.22776468041190e-01,  9.81902008092920e-01,  9.89164464769427e-01,  1.13807247259456e+00,  3.58254499187836e-02,  5.08075613409755e-04,  4.65515632233419e-06,  3.06486352679281e-08
00021:  8.14661517523756e-01,  9.80158561216387e-01,  9.87963762247319e-01,  1.14557362566561e+00,  3.78825114822322e-02,  5.63717059698852e-04,  5.44195476112479e-06,  3.79645929192716e-08
00022:  8.06651902500455e-01,  9.78350692089836e-01,  9.86696957107761e-01,  1.15308117972219e+00,  3.99681610427845e-02,  6.22493879636423e-04,  6.31429794070729e-06,  4.64709544314283e-08
00023:  7.98746474050268e-01,  9.76480436463509e-01,  9.85363885576353e-01,  1.16059370947469e+00,  4.20828813247656e-02,  6.84445423187665e-04,  7.27655648102175e-06,  5.62505286954780e-08
00024:  7.90944079783561e-01,  9.74549812917381e-01,  9.83964437745792e-01,  1.16810974813403e+00,  4.42271607694761e-02,  7.49612344292306e-04,  8.33362930348893e-06,  6.75613733027612e-08
00025:  7.83243560200679e-01,  9.72560820804245e-01,  9.82498549967297e-01,  1.17562780651270e+00,  4.64014944143849e-02,  8.18035785419057e-04,  9.49007019083372e-06,  8.04753140885685e-08
00026:  7.75643755462938e-01,  9.70515439422194e-01,  9.80966212432678e-01,  1.18314635419137e+00,  4.86063837262549e-02,  8.89758394115671e-04,  1.07510556990508e-05,  9.52105685131440e-08
00027:  7.68143499742831e-01,  9.68415626339401e-01,  9.79367460966728e-01,  1.19066384101056e+00,  5.08423365080949e-02,  9.64823176371506e-04,  1.21211790379822e-05,  1.11820539258998e-07
00028:  7.60741628881657e-01,  9.66263317281703e-01,  9.77702385600221e-01,  1.19817867364877e+00,  5.31098664240858e-02,  1.04327448660254e-03,  1.36055797604651e-05,  1.30599222791808e-07
00029:  7.53436974107708e-01,  9.64060423862359e-01,  9.75971120848412e-01,  1.20568924190118e+00,  5.54094937155829e-02,  1.12515733197801e-03,  1.52090746321059e-05,  1.51604204787259e-07
00030:  7.46228370414579e-01,  9.61808834082176e-01,  9.74173854656909e-01,  1.21319389281577e+00,  5.77417447478349e-02,  1.21051819279558e-03,  1.69368990509871e-05,  1.75140018439577e-07
00031:  7.39114649618833e-01,  9.59510409923824e-01,  9.72310818585324e-01,  1.22069095806620e+00,  6.01071524184660e-02,  1.29940402643411e-03,  1.87940220392188e-05,  2.01273267632175e-07
00032:  7.32094648698663e-01,  9.57166988149426e-01,  9.70382297492048e-01,  1.22817872692148e+00,  6.25062550589337e-02,  1.39186333102403e-03,  2.07857115388757e-05,  2.30291243308082e-07
00033:  7.25167203012938e-01,  9.54780376956103e-01,  9.68388617397380e-01,  1.23565547569565e+00,  6.49395981756604e-02,  1.48794524644681e-03,  2.29170497398510e-05,  2.62296534170948e-07
00034:  7.18331154122440e-01,  9.52352359321639e-01,  9.66330158109645e-01,  1.24311943808389e+00,  6.74077321382440e-02,  1.58770027912231e-03,  2.51935425004367e-05,  2.97617803768401e-07
00035:  7.11585344006635e-01,  9.49884687522210e-01,  9.64207338432552e-01,  1.25056883763688e+00,  6.99112145830553e-02,  1.69117979212215e-03,  2.76203317406335e-05,  3.36443271531171e-07
00036:  7.04928621439705e-01,  9.47379087152004e-01,  9.62020629945961e-01,  1.25800185551404e+00,  7.24506078820566e-02,  1.79843656833979e-03,  3.02030720207666e-05,  3.78986278258374e-07
00037:  6.98359836988477e-01,  9.44837252305650e-01,  9.59770541344407e-01,  1.26541666431361e+00,  7.50264818754500e-02,  1.90952418422115e-03,  3.29470726637015e-05,  4.25391494563608e-07
00038:  6.91877849247087e-01,  9.42260848888518e-01,  9.57457633376450e-01,  1.27281139626955e+00,  7.76394101295635e-02,  2.02449769858476e-03,  3.58579490647123e-05,  4.76050358472141e-07
00039:  6.85481519431903e-01,  9.39651511003940e-01,  9.55082501616434e-01,  1.28018417683786e+00,  8.02899749225321e-02,  2.14341289402312e-03,  3.89413144275557e-05,  5.31001566623871e-07
00040:  6.79169718236063e-01,  9.37010843272267e-01,  9.52645793010596e-01,  1.28753309156691e+00,  8.29787605711953e-02,  2.26632742388703e-03,  4.22029810790291e-05,  5.90782366015079e-07
00041:  6.72941319532208e-01,  9.34340417506196e-01,  9.50148185408336e-01,  1.29485622208959e+00,  8.57063606115020e-02,  2.39329959656670e-03,  4.56485033118118e-05,  6.55500045552918e-07
00042:  6.66795207584786e-01,  9.31641775986617e-01,  9.47590408971180e-01,  1.30215161029656e+00,  8.84733706554677e-02,  2.52438918832968e-03,  4.92839677948862e-05,  7.25434476058620e-07
00043:  6.60730271005736e-01,  9.28916427035550e-01,  9.44973221027046e-01,  1.30941729911098e+00,  9.12803955502558e-02,  2.65965706779193e-03,  5.31151043003347e-05,  8.00806970727548e-07
00044:  6.54745409442855e-01,  9.26165849390618e-01,  9.42297429721832e-01,  1.31665128951141e+00,  9.41280410030706e-02,  2.79916577944459e-03,  5.71481686986133e-05,  8.82078373172143e-07
00045:  6.48839527191625e-01,  9.23391487559528e-01,  9.39563868584734e-01,  1.32385158705323e+00,  9.70169221951962e-02,  2.94297875986472e-03,  6.13890781329298e-05,  9.69379328468483e-07
00046:  6.43011540990728e-01,  9.20594755981716e-01,  9.36773419532476e-01,  1.33101615815006e+00,  9.99476551962207e-02,  3.09116102385009e-03,  6.58440969897570e-05,  1.06317300136343e-06
00047:  6.37260372852697e-01,  9.17777033457258e-01,  9.33926986118859e-01,  1.33814297513384e+00,  1.02920865360393e-01,  3.24377875213793e-03,  7.05193979634025e-05,  1.16363040960713e-06
00048:  6.31584956945667e-01,  9.14939670379308e-01,  9.31025521656751e-01,  1.34522997216113e+00,  1.05937177636819e-01,  3.40089983400322e-03,  7.54214519531495e-05,  1.27119923754609e-06
00049:  6.25984234382586e-01,  9.12083981180800e-01,  9.28069995369604e-01,  1.35227509405905e+00,  1.08997227959305e-01,  3.56259315995986e-03,  8.05565371683772e-05,  1.38611655827422e-06
00050:  6.20457158493955e-01,  9.09211250983412e-01,  9.25061425680178e-01,  1.35927624587853e+00,  1.12101649151681e-01,  3.72892943238571e-03,  8.59314144318402e-05,  1.50881711591142e-06
00051:  6.15002689663508e-01,  9.06322729044617e-01,  9.22000843890105e-01,  1.36623134817617e+00,  1.15251085358783e-01,  3.89998045167397e-03,  9.15524756061159e-05,  1.63961997762631e-06
00052:  6.09619801322877e-01,  9.03419636192902e-01,  9.18889328325037e-01,  1.37313828270334e+00,  1.18446178346873e-01,  4.07581989105906e-03,  9.74266852131265e-05,  1.77886630921476e-06
00053:  6.04307474751430e-01,  9.00503157709906e-01,  9.15727966598274e-01,  1.37999494885938e+00,  1.21687580572775e-01,  4.25652261221541e-03,  1.03560604205487e-04,  1.92685723654579e-06
00054:  5.99064704076523e-01,  8.97574449702595e-01,  9.12517892837030e-01,  1.38679921004270e+00,  1.24975940201088e-01,  4.44216521001364e-03,  1.09961421446365e-04,  2.08414473138307e-06
00055:  5.93890491410828e-01,  8.94634633689743e-01,  9.09260245684210e-01,  1.39354895017501e+00,  1.28311917458866e-01,  4.63282558006740e-03,  1.16635933161883e-04,  2.25094376396177e-06
00056:  5.88783852693832e-01,  8.91684802730609e-01,  9.05956209575863e-01,  1.40024201701515e+00,  1.31696166503817e-01,  4.82858362099674e-03,  1.23591440789672e-04,  2.42779323671790e-06
00057:  5.83743811802102e-01,  8.88726014557456e-01,  9.02606969364969e-01,  1.40687628404917e+00,  1.35129353843303e-01,  5.02952048839223e-03,  1.30835008375497e-04,  2.61500599533576e-06
00058:  5.78769406301585e-01,  8.85759300430223e-01,  8.99213754428462e-01,  1.41344958838108e+00,  1.38612138945275e-01,  5.23571924116000e-03,  1.38374224552423e-04,  2.81311994017833e-06
00059:  5.73859682917300e-01,  8.82785655896933e-01,  8.95777789818913e-01,  1.41995979681400e+00,  1.42145193930443e-01,  5.44726444093457e-03,  1.46216406136345e-04,  3.02246644687096e-06
00060:  5.69013701093176e-01,  8.79806050623757e-01,  8.92300345016852e-01,  1.42640474144351e+00,  1.45729181933691e-01,  5.66424239002435e-03,  1.54369159149839e-04,  3.24356301902378e-06
00061:  5.64230530126799e-01,  8.76821419635263e-01,  8.88782680343409e-01,  1.43278228682564e+00,  1.49364779551865e-01,  5.88674121383452e-03,  1.62840172308261e-04,  3.47674168986083e-06
00062:  5.59509252360712e-01,  8.73832672322156e-01,  8.85226099708533e-01,  1.43909026459251e+00,  1.53052652359095e-01,  6.11485065139400e-03,  1.71637296402562e-04,  3.72260265230412e-06
00063:  5.54848959602798e-01,  8.70840684483162e-01,  8.81631892639165e-01,  1.44532654223836e+00,  1.56793481279685e-01,  6.34866256970028e-03,  1.80768327471970e-04,  3.98152313521601e-06
00064:  5.50248757265776e-01,  8.67846306513560e-01,  8.78001392423100e-01,  1.45148895545510e+00,  1.60587932020559e-01,  6.58827008302783e-03,  1.90241564205833e-04,  4.25405960533924e-06
00065:  5.45707759796095e-01,  8.64850356562167e-01,  8.74335913398537e-01,  1.45757537941557e+00,  1.64436687719486e-01,  6.83376872774333e-03,  2.00064987840169e-04,  4.54067873622418e-06
00066:  5.41225095723949e-01,  8.61853628080099e-01,  8.70636811809321e-01,  1.46358365902316e+00,  1.68340414153390e-01,  7.08525558024439e-03,  2.10247122234064e-04,  4.84191778332298e-06
00067:  5.36799902480153e-01,  8.58856882266612e-01,  8.66905421468521e-01,  1.46951168145444e+00,  1.72299794773900e-01,  7.34282983660549e-03,  2.20796295207693e-04,  5.15824144517863e-06
00068:  5.32431331194828e-01,  8.55860857835204e-01,  8.63143116894329e-01,  1.47535730593840e+00,  1.76315493653088e-01,  7.60659251237110e-03,  2.31721179633563e-04,  5.49023452395934e-06
00069:  5.28118542741844e-01,  8.52866261118850e-01,  8.59351245352750e-01,  1.48111843730196e+00,  1.80388193721648e-01,  7.87664687142517e-03,  2.43030351718617e-04,  5.83831237431881e-06
00070:  5.23860710778065e-01,  8.49873777339684e-01,  8.55531195002088e-01,  1.48679295324984e+00,  1.84518555038821e-01,  8.15309767029017e-03,  2.54732909625285e-04,  6.20320747582298e-06
00071:  5.19657019109601e-01,  8.46884059985270e-01,  8.51684321452073e-01,  1.49237878095342e+00,  1.88707258160239e-01,  8.43605238328573e-03,  2.66837639294143e-04,  6.58532922317529e-06
00072:  5.15506663977113e-01,  8.43897742451730e-01,  8.47812021157032e-01,  1.49787382228121e+00,  1.92954957615612e-01,  8.72561986224953e-03,  2.79353978356839e-04,  6.98541302173338e-06
00073:  5.11408852139736e-01,  8.40915427683699e-01,  8.43915652661542e-01,  1.50327602981487e+00,  1.97262330130696e-01,  9.02191186851804e-03,  2.92291059645364e-04,  7.40398218041506e-06
00074:  5.07362802185466e-01,  8.37937698637105e-01,  8.39996616137588e-01,  1.50858333610566e+00,  2.01630022157840e-01,  9.32504149328104e-03,  3.05658513169350e-04,  7.84164258884407e-06
00075:  5.03367743338524e-01,  8.34965110302511e-01,  8.36056268667598e-01,  1.51379372459991e+00,  2.06058705492609e-01,  9.63512503078209e-03,  3.19465876571796e-04,  8.29891269293916e-06
00076:  4.99422916677999e-01,  8.31998197161642e-01,  8.32096008404679e-01,  1.51890516170695e+00,  2.10549016015394e-01,  9.95227960946182e-03,  3.33723026621798e-04,  8.77657159289882e-06
00077:  4.95527573383190e-01,  8.29037466832492e-01,  8.28117186865376e-01,  1.52391566721364e+00,  2.15101617426588e-01,  1.02766264215062e-02,  3.48439759069588e-04,  9.27517777587059e-06
00078:  4.91680976555359e-01,  8.26083408535775e-01,  8.24121195550792e-01,  1.52882324643448e+00,  2.19717134095310e-01,  1.06082869199795e-02,  3.63626461330931e-04,  9.79548550539152e-06
00079:  4.87882399514261e-01,  8.23136485130094e-01,  8.20109375614900e-01,  1.53362595964428e+00,  2.24396220204961e-01,  1.09473868822782e-02,  3.79293415863677e-04,  1.03379751512977e-05
00080:  4.84131126892933e-01,  8.20197141798299e-01,  8.16083107434644e-01,  1.53832185629592e+00,  2.29139485132189e-01,  1.12940526081020e-02,  3.95451010182138e-04,  1.09035875131307e-05
00081:  4.80426453600437e-01,  8.17265798135384e-01,  8.12043717659683e-01,  1.54290904194632e+00,  2.33947570427808e-01,  1.16484148126432e-02,  4.12109875672511e-04,  1.14929088510235e-05
00082:  4.76767685467349e-01,  8.14342857815470e-01,  8.07992571834202e-01,  1.54738561473299e+00,  2.38821069010807e-01,  1.20106043793529e-02,  4.29281035669137e-04,  1.21066169783762e-05
00083:  4.73154138821520e-01,  8.11428699936303e-01,  8.03930976827754e-01,  1.55174972974778e+00,  2.43760608637250e-01,  1.23807572688147e-02,  4.46975307490939e-04,  1.27454256318405e-05
00084:  4.69585140355823e-01,  8.08523687880278e-01,  7.99860279962980e-01,  1.55599953900351e+00,  2.48766761559576e-01,  1.27590091263880e-02,  4.65204178199104e-04,  1.34101661913990e-05
00085:  4.66060027109546e-01,  8.05628162210807e-01,  7.95781765305612e-01,  1.56013325191358e+00,  2.53840138671814e-01,  1.31455010930494e-02,  4.83978901277005e-04,  1.41014671869034e-05
00086:  4.62578146314047e-01,  8.02742448441999e-01,  7.91696756832887e-01,  1.56414907838666e+00,  2.58981290084012e-01,  1.35403739989914e-02,  5.03311275601317e-04,  1.48202964811461e-05
00087:  4.59138855377507e-01,  7.99866850242487e-01,  7.87606513380641e-01,  1.56804528616927e+00,  2.64190806496421e-01,  1.39437743646758e-02,  5.23212927203794e-04,  1.55673763436974e-05
00088:  4.55741521618059e-01,  7.97001657546560e-01,  7.83512332079716e-01,  1.57182014895757e+00,  2.69469212924723e-01,  1.43558482093616e-02,  5.43696078330858e-04,  1.63434651054742e-05
00089:  4.52385522502804e-01,  7.94147139561619e-01,  7.79415441625071e-01,  1.57547199587003e+00,  2.74817078309431e-01,  1.47767475809424e-02,  5.64772907047830e-04,  1.71493249201395e-05
00090:  4.49070244837183e-01,  7.91303551805071e-01,  7.75317110225817e-01,  1.57899916916528e+00,  2.80234898110322e-01,  1.52066239183713e-02,  5.86455929872668e-04,  1.79859720523910e-05
00091:  4.45795085586401e-01,  7.88471130846521e-01,  7.71218533952399e-01,  1.58240006480894e+00,  2.85723216758311e-01,  1.56456352373507e-02,  6.08757783141948e-04,  1.88540642957791e-05
00092:  4.42559450647894e-01,  7.85650100479206e-01,  7.67120948429356e-01,  1.58567309650511e+00,  2.91282497649374e-01,  1.60939380865652e-02,  6.31691495561609e-04,  1.97546795110989e-05
00093:  4.39362756132485e-01,  7.82840666484642e-01,  7.63025514243755e-01,  1.58881673214618e+00,  2.96913256764493e-01,  1.65516965727568e-02,  6.55270003165484e-04,  2.06886419701948e-05
00094:  4.36204426722731e-01,  7.80043022366490e-01,  7.58933431975503e-01,  1.59182946147713e+00,  3.02615922735131e-01,  1.70190729344235e-02,  6.79506946205747e-04,  2.16568427117158e-05
00095:  4.33083896661202e-01,  7.77257345309768e-01,  7.54845824323503e-01,  1.59470982569014e+00,  3.08390980335547e-01,  1.74962374185127e-02,  7.04415891218124e-04,  2.26601175906841e-05
00096:  4.30000609166629e-01,  7.74483800375713e-01,  7.50763853966882e-01,  1.59745639733100e+00,  3.14238819032216e-01,  1.79833580617048e-02,  7.30010652480425e-04,  2.36996060736592e-05
00097:  4.26954016459672e-01,  7.71722537942691e-01,  7.46688603916731e-01,  1.60006779525727e+00,  3.20159890518861e-01,  1.84806116444232e-02,  7.56305360002177e-04,  2.47761240773065e-05
00098:  4.23943579438544e-01,  7.68973696520398e-01,  7.42621196620524e-01,  1.60254267729268e+00,  3.26154540677072e-01,  1.89881718062346e-02,  7.83314436680091e-04,  2.58907698831076e-05
00099:  4.20968767901121e-01,  7.66237400967368e-01,  7.38562673371535e-01,  1.60487974449256e+00,  3.32223183648510e-01,  1.95062221546539e-02,  8.11052480101264e-04,  2.70443949493405e-05
00100:  4.18029059936299e-01,  7.63513765519235e-01,  7.34514114833685e-01,  1.60707774409098e+00,  3.38366119699762e-01,  2.00349422451069e-02,  8.39534443326803e-04,  2.82381981235561e-05
00101:  4.15123942479315e-01,  7.60802891437885e-01,  7.30476518657775e-01,  1.60913546262048e+00,  3.44583722285495e-01,  2.05745224971964e-02,  8.68775401924417e-04,  2.94731417760669e-05
00102:  4.12252910286032e-01,  7.58104869991784e-01,  7.26450921767232e-01,  1.61105174090191e+00,  3.50876241437777e-01,  2.11251487154744e-02,  8.98790994525498e-04,  3.07503046212888e-05
00103:  4.09415466935884e-01,  7.55419780441743e-01,  7.22438277484960e-01,  1.61282545409266e+00,  3.57244006010617e-01,  2.16870184776784e-02,  9.29596742264343e-04,  3.20707711685972e-05
00104:  4.06611123349781e-01,  7.52747692708866e-01,  7.18439577558836e-01,  1.61445554171052e+00,  3.63687212418838e-01,  2.22603236891722e-02,  9.61208878184596e-04,  3.34356475158232e-05
00105:  4.03839399254005e-01,  7.50088666353081e-01,  7.14455728972770e-01,  1.61594096811534e+00,  3.70206142445755e-01,  2.28452692008436e-02,  9.93643513742984e-04,  3.48460702056529e-05
00106:  4.01099821321703e-01,  7.47442750331264e-01,  7.10487677838198e-01,  1.61728077911880e+00,  3.76800933494572e-01,  2.34420534803107e-02,  1.02691740332248e-03,  3.63032292596002e-05
00107:  3.98391924885205e-01,  7.44809987638423e-01,  7.06536283750625e-01,  1.61847402783988e+00,  3.83471817783977e-01,  2.40508888920527e-02,  1.06104753238884e-03,  3.78081187605777e-05
00108:  3.95715251901564e-01,  7.42190407553779e-01,  7.02602448043544e-01,  1.61951986849991e+00,  3.90218866872906e-01,  2.46719803823677e-02,  1.09605096972041e-03,  3.93621808795137e-05
00109:  3.93069353018739e-01,  7.39584035431080e-01,  6.98686976502737e-01,  1.62041745418343e+00,  3.97042266599643e-01,  2.53055484543818e-02,  1.13194515343400e-03,  4.09665617995323e-05
00110:  3.90453784394966e-01,  7.36990884909631e-01,  6.94790734138186e-01,  1.62116604306105e+00,  4.03942011558246e-01,  2.59518043855220e-02,  1.16874829523838e-03,  4.26224961826079e-05
00111:  3.87868112287333e-01,  7.34410963748640e-01,  6.90914463441799e-01,  1.62176489978462e+00,  4.10918240766863e-01,  2.66109762312287e-02,  1.20647838558884e-03,  4.43311551152923e-05
00112:  3.85311906673811e-01,  7.31844275909046e-01,  6.87058991069641e-01,  1.62221336239373e+00,  4.17970873430098e-01,  2.72832841100540e-02,  1.24515401894961e-03,  4.60940016205263e-05
00113:  3.82784747748500e-01,  7.29290801249576e-01,  6.83225011891501e-01,  1.62251087060133e+00,  4.25099984002858e-01,  2.79689601432226e-02,  1.28479391975916e-03,  4.79122242860886e-05
00114:  3.80286219570354e-01,  7.26750549677429e-01,  6.79413305306630e-01,  1.62265678016042e+00,  4.32305431146802e-01,  2.86682371084290e-02,  1.32541754870531e-03,  4.97872424360270e-05
00115:  3.77815915947567e-01,  7.24223465846912e-01,  6.75624514133094e-01,  1.62265073791778e+00,  4.39587187860350e-01,  2.93813491323699e-02,  1.36704427911082e-03,  5.17203934123925e-05
00116:  3.75373435783867e-01,  7.21709557329946e-01,  6.71859347566295e-01,  1.62249216149206e+00,  4.46945115711793e-01,  3.01085411175713e-02,  1.40969389900796e-03,  5.37130828861769e-05
00117:  3.72958381253105e-01,  7.19208763816124e-01,  6.68118478618885e-01,  1.62218081000838e+00,  4.54378973216583e-01,  3.08500527054169e-02,  1.45338763269970e-03,  5.57668850870621e-05
00118:  3.70570373248060e-01,  7.16721070089586e-01,  6.64402439461449e-01,  1.62171623493218e+00,  4.61888712534524e-01,  3.16061384434512e-02,  1.49814443340567e-03,  5.78829403245483e-05
00119:  3.68209016102268e-01,  7.14246421900227e-01,  6.60712012886970e-01,  1.62109823291178e+00,  4.69473864903621e-01,  3.23770482747109e-02,  1.54398802807553e-03,  6.00629860727158e-05
00120:  3.65873949128259e-01,  7.11784753185876e-01,  6.57047573185028e-01,  1.62032675795357e+00,  4.77134396398502e-01,  3.31630265691299e-02,  1.59093664060946e-03,  6.23089022573387e-05
00121:  3.63564793359975e-01,  7.09336085112598e-01,  6.53409883015319e-01,  1.61940111794701e+00,  4.84869701839655e-01,  3.39643756948447e-02,  1.63901791809018e-03,  6.46208181186232e-05
00122:  3.61281189068783e-01,  7.06900228334201e-01,  6.49799235045086e-01,  1.61832214197180e+00,  4.92679627097852e-01,  3.47812913352635e-02,  1.68824608180827e-03,  6.70031135802778e-05
00123:  3.59022783297932e-01,  7.04477290710979e-01,  6.46216401562634e-01,  1.61708858431472e+00,  5.00563777770062e-01,  3.56141421671058e-02,  1.73865123676856e-03,  6.94528080507949e-05
00124:  3.56789215795124e-01,  7.02067042033349e-01,  6.42661674978347e-01,  1.61570182556480e+00,  5.08521282353400e-01,  3.64630833880481e-02,  1.79025795482903e-03,  7.19774218230487e-05
00125:  3.54580157631431e-01,  6.99669521567311e-01,  6.39135540201986e-01,  1.61416051746948e+00,  5.16552621501917e-01,  3.73285480683514e-02,  1.84307158622598e-03,  7.45777327488266e-05
00126:  3.52395242694117e-01,  6.97284605835553e-01,  6.35638599160275e-01,  1.61246638124991e+00,  5.24655818070473e-01,  3.82106447365448e-02,  1.89715338408119e-03,  7.72519903790459e-05
00127:  3.50234161876838e-01,  6.94912209745582e-01,  6.32170970012816e-01,  1.61061822898779e+00,  5.32832044895914e-01,  3.91098013771589e-02,  1.95246946692257e-03,  8.00020201895581e-05
00128:  3.48096560413409e-01,  6.92552288010372e-01,  6.28733381619414e-01,  1.60861732344773e+00,  5.41078730971667e-01,  4.00262681557628e-02,  2.00911347292683e-03,  8.28409440178169e-05
00129:  3.45982129639316e-01,  6.90204726575281e-01,  6.25325962460607e-01,  1.60646376911259e+00,  5.49397309668986e-01,  4.09602034143879e-02,  2.06707633405853e-03,  8.57408287482847e-05
00130:  3.43890563349211e-01,  6.87869419023369e-01,  6.21949221755572e-01,  1.60415778136187e+00,  5.57785128673106e-01,  4.19121890333590e-02,  2.12638780715761e-03,  8.87603417870316e-05
00131:  3.41821512645115e-01,  6.85546430864813e-01,  6.18603456146951e-01,  1.60170003124568e+00,  5.66242473103596e-01,  4.28821676596775e-02,  2.18706141068263e-03,  9.18110357999399e-05
00132:  3.39774722347522e-01,  6.83235460639827e-01,  6.15288894652995e-01,  1.59909112448097e+00,  5.74768080132695e-01,  4.38708026781483e-02,  2.24915778940555e-03,  9.49941573716291e-05
00133:  3.37749834615069e-01,  6.80936614629567e-01,  6.12005966162557e-01,  1.59633102212955e+00,  5.83361000894480e-01,  4.48781723140372e-02,  2.31257718210729e-03,  9.82468884460229e-05
00134:  3.35746585267021e-01,  6.78649629739815e-01,  6.08754919834838e-01,  1.59342161309621e+00,  5.92020213204640e-01,  4.59047155872696e-02,  2.37756832732123e-03,  1.01595687752348e-04
00135:  3.33764670417769e-01,  6.76374506309889e-01,  6.05535760210132e-01,  1.59036184951170e+00,  6.00745841175944e-01,  4.69507406516085e-02,  2.44390602120084e-03,  1.05022196642385e-04
00136:  3.31803790811492e-01,  6.74111092419643e-01,  6.02349089851902e-01,  1.58715454669318e+00,  6.09534919427909e-01,  4.80165868044885e-02,  2.51187677955178e-03,  1.08564450930309e-04
00137:  3.29863680585708e-01,  6.71859308832311e-01,  5.99194790092415e-01,  1.58379879389043e+00,  6.18388978364914e-01,  4.91024321817905e-02,  2.58132995859241e-03,  1.12141651959627e-04
00138:  3.27944056723623e-01,  6.69619067099026e-01,  5.96073374858963e-01,  1.58029712421256e+00,  6.27303810183894e-01,  5.02088582150857e-02,  2.65239873163430e-03,  1.15899355631480e-04
00139:  3.26044616082709e-01,  6.67390250755942e-01,  5.92984695496009e-01,  1.57664872321226e+00,  6.36281388216620e-01,  5.13359798347013e-02,  2.72504294138298e-03,  1.19659317436025e-04
00140:  3.24165146343370e-01,  6.65172776060093e-01,  5.89929228020656e-01,  1.57285696167763e+00,  6.45317190343543e-01,  5.24842915032374e-02,  2.79935345614049e-03,  1.23612007115491e-04
00141:  3.22305303026618e-01,  6.62966533577563e-01,  5.86906835592622e-01,  1.56891988180505e+00,  6.54413216999706e-01,  5.36541528780773e-02,  2.87520620069899e-03,  1.27620803221011e-04
00142:  3.20464896447292e-01,  6.60771411657328e-01,  5.83917881693326e-01,  1.56484197338321e+00,  6.63564489845005e-01,  5.48458438867353e-02,  2.95290347323901e-03,  1.31782388571109e-04
00143:  3.18643606775429e-01,  6.58587350268600e-01,  5.80962172738136e-01,  1.56062136945934e+00,  6.72774165965138e-01,  5.60598192877970e-02,  3.03217542379163e-03,  1.36019905481022e-04
00144:  3.16841253815279e-01,  6.56414132137697e-01,  5.78040234941373e-01,  1.55626238896540e+00,  6.82035616142512e-01,  5.72963960440595e-02,  3.11336196868368e-03,  1.40402840283742e-04
00145:  3.15057485541874e-01,  6.54251809310065e-01,  5.75151550624624e-01,  1.55176321036462e+00,  6.91352612129107e-01,  5.85558271987180e-02,  3.19619753080931e-03,  1.44841861382423e-04
00146:  3.13292185908095e-01,  6.52100097739990e-01,  5.72296789100741e-01,  1.54712863886464e+00,  7.00718267701779e-01,  5.98386981535425e-02,  3.28099625271462e-03,  1.49441060603771e-04
00147:  3.11544962034109e-01,  6.49959064723024e-01,  5.69475448999332e-01,  1.54235672646185e+00,  7.10136246275095e-01,  6.11452034447559e-02,  3.36750777365213e-03,  1.54116296926918e-04
00148:  3.09815733600791e-01,  6.47828467744123e-01,  5.66688101515348e-01,  1.53745235244821e+00,  7.19599501874217e-01,  6.24758874036792e-02,  3.45606824610725e-03,  1.58956659095452e-04
00149:  3.08104107032835e-01,  6.45708309001017e-01,  5.63934135571183e-01,  1.53241384365321e+00,  7.29111958193786e-01,  6.38310765381287e-02,  3.54645317459584e-03,  1.63866608855994e-04
00150:  3.06410006830457e-01,  6.43598370660098e-01,  5.61214225370849e-01,  1.52724635332687e+00,  7.38666132756361e-01,  6.52111592582958e-02,  3.63891102228133e-03,  1.68962772267175e-04
00151:  3.04733054274935e-01,  6.41498661443365e-01,  5.58527679554566e-01,  1.52194769110688e+00,  7.48265660616568e-01,  6.66165338287249e-02,  3.73330708142131e-03,  1.74137168769945e-04
00152:  3.03073173659379e-01,  6.39408970830586e-01,  5.55875039863924e-01,  1.51652373338686e+00,  7.57903306456275e-01,  6.80475873651220e-02,  3.82982997612129e-03,  1.79496216995115e-04
00153:  3.01430002599337e-01,  6.37329269641984e-01,  5.53255878428010e-01,  1.51097226099342e+00,  7.67582631427943e-01,  6.95048815270122e-02,  3.92836358704312e-03,  1.84935813041259e-04
00154:  2.99803455774374e-01,  6.35259414065467e-01,  5.50670388263992e-01,  1.50529930900106e+00,  7.77296043732751e-01,  7.09885624135124e-02,  4.02911672665040e-03,  1.90554193887269e-04
00155:  2.98193193190343e-01,  6.33199304600328e-01,  5.48118334885235e-01,  1.49950214042263e+00,  7.87047128409450e-01,  7.24994338284700e-02,  4.13191585831842e-03,  1.96297417940296e-04
00156:  2.96599110575068e-01,  6.31148839236084e-01,  5.45599783017462e-01,  1.49358821856211e+00,  7.96827932232212e-01,  7.40374282234482e-02,  4.23705784914090e-03,  2.02207703204693e-04
00157:  2.95020914496271e-01,  6.29107964805562e-01,  5.43114475553630e-01,  1.48755310049239e+00,  8.06642569183169e-01,  7.56035770605654e-02,  4.34438093184181e-03,  2.08254571655947e-04
00158:  2.93458485432074e-01,  6.27076429035679e-01,  5.40662471281138e-01,  1.48140600597208e+00,  8.16482059807640e-01,  7.71976869198754e-02,  4.45406120450502e-03,  2.14479177312392e-04
00159:  2.91911527166400e-01,  6.25054387955477e-01,  5.38243488895482e-01,  1.47514171587180e+00,  8.26352135067364e-01,  7.88207699577489e-02,  4.56605258449314e-03,  2.20772712896371e-04
00160:  2.90379966559494e-01,  6.23041447419222e-01,  5.35857532851501e-01,  1.46876988790884e+00,  8.36241809240719e-01,  8.04726828487104e-02,  4.68047428928994e-03,  2.27305372492639e-04
00161:  2.88863452714139e-01,  6.21037750898331e-01,  5.33504388897880e-01,  1.46228524297767e+00,  8.46157600971892e-01,  8.21546310158975e-02,  4.79723791591083e-03,  2.33935592366307e-04
00162:  2.87361943213544e-01,  6.19043019521010e-01,  5.31184056385680e-01,  1.45569781650184e+00,  8.56088327710851e-01,  8.38661669385704e-02,  4.91657841685129e-03,  2.40779128714460e-04
00163:  2.85875129881066e-01,  6.17057332074798e-01,  5.28896101101135e-01,  1.44900183578624e+00,  8.66040253417735e-01,  8.56087813960665e-02,  5.03833064516504e-03,  2.47755401538189e-04
00164:  2.84402928068371e-01,  6.15080334490289e-01,  5.26640727503868e-01,  1.44220799734021e+00,  8.76002060741782e-01,  8.73818314861876e-02,  5.16276691945500e-03,  2.54932004067636e-04
00165:  2.82945044494547e-01,  6.13112230952623e-01,  5.24417405828265e-01,  1.43531009298015e+00,  8.85980777774954e-01,  8.91869482832659e-02,  5.28974122566068e-03,  2.62218138864494e-04
00166:  2.81501426082607e-01,  6.11152689985172e-01,  5.22226245942129e-01,  1.42831967733153e+00,  8.95963858834736e-01,  9.10233616549135e-02,  5.41948402198301e-03,  2.69756536574881e-04
00167:  2.80071773794128e-01,  6.09201750475438e-01,  5.20066799182470e-01,  1.42122945621098e+00,  9.05959070825492e-01,  9.28929273730630e-02,  5.55188855921939e-03,  2.77414263146298e-04
00168:  2.78655984671082e-01,  6.07259239583365e-01,  5.17939176506373e-01,  1.41405212399652e+00,  9.15952977298900e-01,  9.47947141069131e-02,  5.68713860882014e-03,  2.85317296630453e-04
00169:  2.77253856341324e-01,  6.05325157284998e-01,  5.15842798621697e-01,  1.40677990538926e+00,  9.25954627989369e-01,  9.67305440050785e-02,  5.82512606998034e-03,  2.93355474878874e-04
00170:  2.75865245696639e-01,  6.03399257523159e-01,  5.13777805766879e-01,  1.39942605359348e+00,  9.35949190129472e-01,  9.86995877618581e-02,  5.96610487908313e-03,  3.01638455023231e-04
00171:  2.74489941623057e-01,  6.01481654400949e-01,  5.11743765856126e-01,  1.39198200651226e+00,  9.45946205299114e-01,  1.00703807798977e-01,  6.10990443645129e-03,  3.10082348850888e-04
00172:  2.73127826864695e-01,  5.99572075156125e-01,  5.09740535147720e-01,  1.38446193204584e+00,  9.55930555928156e-01,  1.02742128401729e-01,  6.25682436260321e-03,  3.18759432386164e-04
00173:  2.71778696881222e-01,  5.97670613458409e-01,  5.07767873214656e-01,  1.37685671234238e+00,  9.65912055799130e-01,  1.04816706026093e-01,  6.40665972643450e-03,  3.27602812535382e-04
00174:  2.70442423008280e-01,  5.95776941673111e-01,  5.05825586950365e-01,  1.36918089351554e+00,  9.75875026027603e-01,  1.06926386913863e-01,  6.55974067603303e-03,  3.36692809255181e-04
00175:  2.69118807498020e-01,  5.93891281110980e-01,  5.03913287699996e-01,  1.36142543448228e+00,  9.85830203546673e-01,  1.09073329614982e-01,  6.71586059824667e-03,  3.45929695901677e-04
00176:  2.67807771274491e-01,  5.92013225702948e-01,  5.02030869216508e-01,  1.35360493122669e+00,  9.95761128040774e-01,  1.11256402972173e-01,  6.87532010948152e-03,  3.55441637274773e-04
00177:  2.66509058989552e-01,  5.90142975853412e-01,  5.00178061035866e-01,  1.34571009709861e+00,  1.00567790088934e+00,  1.13477744791755e-01,  7.03794499399926e-03,  3.65115491861917e-04
00178:  2.65222607302113e-01,  5.88280213830916e-01,  4.98354534844957e-01,  1.33775599932549e+00,  1.01556519552219e+00,  1.15736166822948e-01,  7.20401981698256e-03,  3.75070874910209e-04
00179:  2.63948202690892e-01,  5.86425085713864e-01,  4.96560151021599e-01,  1.32973261460859e+00,  1.02543236384496e+00,  1.18034271400363e-01,  7.37345659263467e-03,  3.85208537568947e-04
00180:  2.62685733753354e-01,  5.84577267596530e-01,  4.94794480546514e-01,  1.32165612345993e+00,  1.03526407682381e+00,  1.20370127290172e-01,  7.54641923820262e-03,  3.95636683508978e-04
00181:  2.61435030954536e-01,  5.82736948273521e-01,  4.93057436759621e-01,  1.31351525046890e+00,  1.04507023449301e+00,  1.22747158141218e-01,  7.72292133392615e-03,  4.06244140655502e-04
00182:  2.60195986735633e-01,  5.80903783841796e-01,  4.91348601937764e-01,  1.30532749752888e+00,  1.05483451805632e+00,  1.25162681998381e-01,  7.90305163666654e-03,  4.17144261149446e-04
00183:  2.58968411866760e-01,  5.79077982236878e-01,  4.89667716092841e-01,  1.29708058696484e+00,  1.06456846070717e+00,  1.27620742666827e-01,  8.08677367028919e-03,  4.28252908454248e-04
00184:  2.57752244085232e-01,  5.77259156720507e-01,  4.88014614005186e-01,  1.28879259430727e+00,  1.07425370857602e+00,  1.30118286572711e-01,  8.27433468859665e-03,  4.39650062470516e-04
00185:  2.56547237763781e-01,  5.75447571969923e-01,  4.86388821713246e-01,  1.28045120428162e+00,  1.08390345543970e+00,  1.32659372412387e-01,  8.46561432821683e-03,  4.51289453380191e-04
00186:  2.55353384009602e-01,  5.73642846108480e-01,  4.84790192040772e-01,  1.27207432229060e+00,  1.09349843455838e+00,  1.35241125964078e-01,  8.66087068152849e-03,  4.63227589762566e-04
00187:  2.54170432228779e-01,  5.71845116866206e-01,  4.83218432185534e-01,  1.26364967731091e+00,  1.10305146380064e+00,  1.37867377051962e-01,  8.86007132960887e-03,  4.75397331615181e-04
00188:  2.52998322526708e-01,  5.70054196955475e-01,  4.81673138595361e-01,  1.25519525343929e+00,  1.11254428842844e+00,  1.40535366668817e-01,  9.06333287958373e-03,  4.87885626510055e-04
00189:  2.51836900136653e-01,  5.68270127013192e-01,  4.80154235847796e-01,  1.24669861164671e+00,  1.12198872588634e+00,  1.43249256119602e-01,  9.27066191921956e-03,  5.00599371390737e-04
00190:  2.50686043193597e-01,  5.66492710427525e-01,  4.78661083009755e-01,  1.23817796193751e+00,  1.13136749261264e+00,  1.46005721695086e-01,  9.48222447912725e-03,  5.13635938000539e-04
00191:  2.49545617440861e-01,  5.64722051658706e-01,  4.77193854939716e-01,  1.22962037976601e+00,  1.14069176811723e+00,  1.48809557408432e-01,  9.69794187217526e-03,  5.26915412131295e-04
00192:  2.48415518653765e-01,  5.62957904160435e-01,  4.75751717495616e-01,  1.22104468648283e+00,  1.14994454680205e+00,  1.51656792469775e-01,  9.91808000658903e-03,  5.40535977730861e-04
00193:  2.47295598503754e-01,  5.61200420595260e-01,  4.74334896601725e-01,  1.21243724442371e+00,  1.15913681966487e+00,  1.54552628070438e-01,  1.01426177565554e-02,  5.54441289018790e-04
00194:  2.46185759057697e-01,  5.59449247967608e-01,  4.72942593085230e-01,  1.20381764867189e+00,  1.16825189138227e+00,  1.57492747322097e-01,  1.03716577147456e-02,  5.68681109346212e-04
00195:  2.45085853940073e-01,  5.57704703625552e-01,  4.71574950067459e-01,  1.19517130312013e+00,  1.17730087711362e+00,  1.60483127008507e-01,  1.06053595549048e-02,  5.83206610414193e-04
00196:  2.43995820533703e-01,  5.55966315455957e-01,  4.70231204246329e-01,  1.18651850926265e+00,  1.18626656384934e+00,  1.63518365577556e-01,  1.08436746849712e-02,  5.98076779812429e-04
00197:  2.42915465281768e-01,  5.54234436075995e-01,  4.68911557187880e-01,  1.17784436627418e+00,  1.19516058509869e+00,  1.66605617837208e-01,  1.10867709046515e-02,  6.13232311783046e-04
00198:  2.41844752807180e-01,  5.52508601288508e-01,  4.67615176766374e-01,  1.16916936271033e+00,  1.20396559149258e+00,  1.69738409206204e-01,  1.13346738157532e-02,  6.28763594882558e-04
00199:  2.40783501406415e-01,  5.50789171973231e-01,  4.66342309616742e-01,  1.16047775989457e+00,  1.21269318468896e+00,  1.72924540618352e-01,  1.15876069311490e-02,  6.44576765897070e-04
00200:  2.39731651875622e-01,  5.49075687164100e-01,  4.65092009951702e-01,  1.15179086635278e+00,  1.22132605781948e+00,  1.76157127616801e-01,  1.18454746063441e-02,  6.60803121229942e-04
00201:  2.38689055666177e-01,  5.47368488314388e-01,  4.63864703964230e-01,  1.14309254075374e+00,  1.22987611252521e+00,  1.79444408764246e-01,  1.21085972898482e-02,  6.77342515248737e-04
00202:  2.37655636764179e-01,  5.45667194232764e-01,  4.62659335665778e-01,  1.13440405119846e+00,  1.23832589590379e+00,  1.82778994577473e-01,  1.23768235716122e-02,  6.94278748763102e-04
00203:  2.36631263408798e-01,  5.43972016016726e-01,  4.61476246392611e-01,  1.12570921133274e+00,  1.24668737752967e+00,  1.86169786892932e-01,  1.26504263157312e-02,  7.11566287612566e-04
00204:  2.35615850928463e-01,  5.42282644880454e-01,  4.60314598553142e-01,  1.11702919928956e+00,  1.25494320501043e+00,  1.89608726031895e-01,  1.29293713590182e-02,  7.29238018731519e-04
00205:  2.34609275224504e-01,  5.40599340646853e-01,  4.59174586624015e-01,  1.10834791341882e+00,  1.26310531089839e+00,  1.93105103899701e-01,  1.32138875080555e-02,  7.47238495874679e-04
00206:  2.33611459269596e-01,  5.38921724441387e-01,  4.58055292333353e-01,  1.09968626223026e+00,  1.27115675470184e+00,  1.96650574776196e-01,  1.35039588520871e-02,  7.65678204638478e-04
00207:  2.32622273750855e-01,  5.37250054684628e-01,  4.56957182042679e-01,  1.09102793335977e+00,  1.27910884130150e+00,  2.00254805264599e-01,  1.37998135451880e-02,  7.84499579479282e-04
00208:  2.31641639803910e-01,  5.35584035571444e-01,  4.55879112343082e-01,  1.08239411997136e+00,  1.28694531100217e+00,  2.03909012200891e-01,  1.41013940191808e-02,  8.03745384932567e-04
00209:  2.30669444199328e-01,  5.33923876298205e-01,  4.54821594021865e-01,  1.07376811484466e+00,  1.29467721095978e+00,  2.07623124864572e-01,  1.44090441819679e-02,  8.23392003464679e-04
00210:  2.29705603807245e-01,  5.32269255622765e-01,  4.53783535485094e-01,  1.06517149063032e+00,  1.30228889880516e+00,  2.11388054897402e-01,  1.47225405601313e-02,  8.43470142788548e-04
00211:  2.28750019819875e-01,  5.30620446364919e-01,  4.52765406267770e-01,  1.05658676905233e+00,  1.30979100690791e+00,  2.15214523474138e-01,  1.50423868200231e-02,  8.63924803005586e-04
00212:  2.27802581233723e-01,  5.28977067127903e-01,  4.51766051885795e-01,  1.04803586798201e+00,  1.31716814142051e+00,  2.19092254157058e-01,  1.53682863680588e-02,  8.84861336481247e-04
00213:  2.26863216262132e-01,  5.27339436989898e-01,  4.50786133193872e-01,  1.03950130605803e+00,  1.32443073580805e+00,  2.23033306436035e-01,  1.57007164448899e-02,  9.06231123224984e-04
00214:  2.25931818846530e-01,  5.25707154240750e-01,  4.49824519519287e-01,  1.03100460480000e+00,  1.33156319642131e+00,  2.27026148783694e-01,  1.60394641413187e-02,  9.28064744345375e-04
00215:  2.25008297466803e-01,  5.24080567776934e-01,  4.48881388529338e-01,  1.02252845251751e+00,  1.33857793918075e+00,  2.31083455177017e-01,  1.63850061833019e-02,  9.50348918001588e-04
00216:  2.24092596007417e-01,  5.22459234361763e-01,  4.47956242345035e-01,  1.01409460141430e+00,  1.34545735460676e+00,  2.35193453554077e-01,  1.67370498156676e-02,  9.73118256605052e-04
00217:  2.23184567366670e-01,  5.20843555798507e-01,  4.47048681180688e-01,  1.00568455012830e+00,  1.35221553839235e+00,  2.39368902637868e-01,  1.70961692168625e-02,  9.96334910660357e-04
00218:  2.22284188160007e-01,  5.19233233539931e-01,  4.46158453071689e-01,  9.97318098253443e-01,  1.35883538672448e+00,  2.43599020392660e-01,  1.74619490903476e-02,  1.02006930404248e-03
00219:  2.21391311444010e-01,  5.17628083802352e-01,  4.45285686393360e-01,  9.88985175619757e-01,  1.36532638311805e+00,  2.47893654372619e-01,  1.78351841290900e-02,  1.04427879663657e-03
00220:  2.20505898910715e-01,  5.16028532172811e-01,  4.44429594840919e-01,  9.80694444949838e-01,  1.37167949064239e+00,  2.52244695257257e-01,  1.82152269743237e-02,  1.06900945530573e-03
00221:  2.19627839244596e-01,  5.14433782173109e-01,  4.43590205614190e-01,  9.72446210977813e-01,  1.37789342806456e+00,  2.56660729512456e-01,  1.86030342155806e-02,  1.09425451979537e-03
00222:  2.18757082297403e-01,  5.12844576135423e-01,  4.42765066833282e-01,  9.64243311404536e-01,  1.38398236076473e+00,  2.61132702024851e-01,  1.89974197190424e-02,  1.12001815849059e-03
00223:  2.17893474472307e-01,  5.11260511575503e-01,  4.41960223925167e-01,  9.56079788469260e-01,  1.38990018705012e+00,  2.65674291990395e-01,  1.94008119388008e-02,  1.14634957116454e-03
00224:  2.17037037017535e-01,  5.09681793402665e-01,  4.41165927063617e-01,  9.47963359705727e-01,  1.39570568627961e+00,  2.70266875379402e-01,  1.98103723272171e-02,  1.17319532421548e-03
00225:  2.16187543730302e-01,  5.08108188670910e-01,  4.40394273629239e-01,  9.39898026064055e-01,  1.40132638802837e+00,  2.74937936745705e-01,  2.02297958414111e-02,  1.20062469143918e-03
00226:  2.15345076073056e-01,  5.06538419593569e-01,  4.39632459740905e-01,  9.31900664799705e-01,  1.40682762419658e+00,  2.79643728711226e-01,  2.06556540388539e-02,  1.22872025998094e-03
00227:  2.14509429956959e-01,  5.04976885687332e-01,  4.38889090399967e-01,  9.23909296595097e-01,  1.41216449452886e+00,  2.84456081247221e-01,  2.10909610980676e-02,  1.25713371810370e-03
00228:  2.13680702306287e-01,  5.03416869053673e-01,  4.38155810264025e-01,  9.16025808080560e-01,  1.41734772355442e+00,  2.89288981158537e-01,  2.15336021385703e-02,  1.28643045033268e-03
00229:  2.12858560843775e-01,  5.01867030628467e-01,  4.37441725431132e-01,  9.08117959871267e-01,  1.42240475270175e+00,  2.94235481732877e-01,  2.19853227094160e-02,  1.31596954830800e-03
00230:  2.12043124313978e-01,  5.00318426240661e-01,  4.36747872437002e-01,  9.00326894971510e-01,  1.42720154560544e+00,  2.99206721862098e-01,  2.24485086635366e-02,  1.34641494454546e-03
00231:  2.11234382181587e-01,  4.98777434224637e-01,  4.36048327160149e-01,  8.92544875409837e-01,  1.43204696345980e+00,  3.04275193462082e-01,  2.29137815241878e-02,  1.37726145188551e-03
00232:  2.10431939361790e-01,  4.97238568568998e-01,  4.35385176664488e-01,  8.84898060076377e-01,  1.43652893128635e+00,  3.09402937463584e-01,  2.33955831899029e-02,  1.40896192715979e-03
00233:  2.09636358705375e-01,  4.95707138553431e-01,  4.34703665654493e-01,  8.77203746071262e-01,  1.44110407540834e+00,  3.14576363556411e-01,  2.38770281929906e-02,  1.44109028099404e-03
00234:  2.08846795879926e-01,  4.94183787080738e-01,  4.34059895129259e-01,  8.69581356717422e-01,  1.44531524066761e+00,  3.19903182851302e-01,  2.43757052159495e-02,  1.47360649850931e-03
00235:  2.08063763311950e-01,  4.92655070561498e-01,  4.33411058178807e-01,  8.62117752596799e-01,  1.44953509597976e+00,  3.25134507342000e-01,  2.48770964193954e-02,  1.50759354653395e-03
00236:  2.07286529806121e-01,  4.91142985127544e-01,  4.32796983656164e-01,  8.54582391976099e-01,  1.45349655110236e+00,  3.30596219732823e-01,  2.53937394718251e-02,  1.54137431049729e-03
00237:  2.06515828533603e-01,  4.89620173332360e-01,  4.32171917575064e-01,  8.47309534743866e-01,  1.45731717790122e+00,  3.35940280211611e-01,  2.59155745098731e-02,  1.57703888989523e-03
00238:  2.05751002155337e-01,  4.88114022039011e-01,  4.31553074954593e-01,  8.39938069303298e-01,  1.46120277144758e+00,  3.41513145425468e-01,  2.64402057640649e-02,  1.61229662795650e-03
00239:  2.04992011909606e-01,  4.86606104032950e-01,  4.30987003618259e-01,  8.32751500508728e-01,  1.46440830844476e+00,  3.47011147353641e-01,  2.69946246011181e-02,  1.64934843045836e-03
00240:  2.04239562716917e-01,  4.85110675214451e-01,  4.30386331050737e-01,  8.25408593395917e-01,  1.46795742403750e+00,  3.52636499147989e-01,  2.75386726350835e-02,  1.68599160992291e-03
00241:  2.03492108309060e-01,  4.83615754422630e-01,  4.29855195950618e-01,  8.18433273108275e-01,  1.47076692844766e+00,  3.58357105276213e-01,  2.81174774827719e-02,  1.72461093540596e-03
00242:  2.02751230739820e-01,  4.82125101172301e-01,  4.29291260299471e-01,  8.11385406952109e-01,  1.47391200805613e+00,  3.63983374100094e-01,  2.86850452528634e-02,  1.76445662270690e-03
00243:  2.02016032277214e-01,  4.80647002617478e-01,  4.28762645006832e-01,  8.04348182241074e-01,  1.47646934317157e+00,  3.69986495003015e-01,  2.92833336700984e-02,  1.80269568446837e-03
00244:  2.01286188478047e-01,  4.79165300398752e-01,  4.28213306585987e-01,  7.97450290823027e-01,  1.47920086299146e+00,  3.75773561614135e-01,  2.98751455525451e-02,  1.84437634386918e-03
00245:  2.00563613633586e-01,  4.77695483525167e-01,  4.27700742683275e-01,  7.90507521842327e-01,  1.48156927576072e+00,  3.81912486942840e-01,  3.04921522135465e-02,  1.88557031079135e-03
00246:  1.99844990696814e-01,  4.76227997147544e-01,  4.27179296446294e-01,  7.83675409846848e-01,  1.48378547769633e+00,  3.87869602307662e-01,  3.11246552116059e-02,  1.92870007760179e-03
00247:  1.99133067453321e-01,  4.74756403947347e-01,  4.26679135105114e-01,  7.76957773608922e-01,  1.48604805068562e+00,  3.94107810913545e-01,  3.17434445846169e-02,  1.97290766000800e-03
00248:  1.98424611428089e-01,  4.73301034620409e-01,  4.26162780754409e-01,  7.70340540910304e-01,  1.48805422991723e+00,  4.00295682804184e-01,  3.23990623855577e-02,  2.01761703471681e-03
00249:  1.97723469222348e-01,  4.71832267839296e-01,  4.25698536120914e-01,  7.63728766085074e-01,  1.48989638571804e+00,  4.06550567926989e-01,  3.30472405735359e-02,  2.06434907348922e-03
00250:  1.97025442251191e-01,  4.70380184677523e-01,  4.25196832572023e-01,  7.57172644511735e-01,  1.49163390876332e+00,  4.12900836394867e-01,  3.37210259950010e-02,  2.11665784497049e-03
00251:  1.96334134134326e-01,  4.68937320773398e-01,  4.24763087096835e-01,  7.50763638781679e-01,  1.49303211088288e+00,  4.19246978443177e-01,  3.44063299507708e-02,  2.15578068927139e-03
00252:  1.95648201365850e-01,  4.67485542187766e-01,  4.24285866286108e-01,  7.44364010021547e-01,  1.49439013108806e+00,  4.25667460477737e-01,  3.51189994388647e-02,  2.21230083747923e-03
00253:  1.94966347021335e-01,  4.66064157274975e-01,  4.23865675830184e-01,  7.38079651894021e-01,  1.49547231585726e+00,  4.32194964229012e-01,  3.58142550222593e-02,  2.25548642377896e-03
00254:  1.94291198580364e-01,  4.64630635143399e-01,  4.23407622740889e-01,  7.31821757426729e-01,  1.49641177081984e+00,  4.38772055923642e-01,  3.65678456572097e-02,  2.30922984897899e-03
00255:  1.93620989538664e-01,  4.63207929131260e-01,  4.22981392255100e-01,  7.25663468975692e-01,  1.49725314652857e+00,  4.45445303916107e-01,  3.72536960428073e-02,  2.35949598714191e-03
00256:  1.92954188468217e-01,  4.61789783989181e-01,  4.22554113467828e-01,  7.19552315306105e-01,  1.49781809831240e+00,  4.52198192000163e-01,  3.80230704211719e-02,  2.41313186476514e-03
00257:  1.92296175713638e-01,  4.60365633053910e-01,  4.22126805659350e-01,  7.13562806882838e-01,  1.49828098425630e+00,  4.58921419400698e-01,  3.87506755752621e-02,  2.46378974916644e-03
00258:  1.91638361512526e-01,  4.58956033659088e-01,  4.21690508779178e-01,  7.07640299471061e-01,  1.49877480213735e+00,  4.65771603109282e-01,  3.95220522845368e-02,  2.52603784981273e-03
00259:  1.90988456327434e-01,  4.57538739347958e-01,  4.21311776092212e-01,  7.01754702262135e-01,  1.49869926328950e+00,  4.72647423526658e-01,  4.03224908539567e-02,  2.56640791479281e-03
00260:  1.90341191223133e-01,  4.56140473317826e-01,  4.20886729441791e-01,  6.95886294797475e-01,  1.49885706181103e+00,  4.79477825643141e-01,  4.11391791336935e-02,  2.63796597676587e-03
00261:  1.89698950440868e-01,  4.54727294322223e-01,  4.20535312077754e-01,  6.90187363607519e-01,  1.49834598849892e+00,  4.86664393200631e-01,  4.19646274360091e-02,  2.67517506611815e-03
00262:  1.89062077793034e-01,  4.53334755367533e-01,  4.20126309380424e-01,  6.84578788470083e-01,  1.49807434732332e+00,  4.93482588466434e-01,  4.28450260325169e-02,  2.74671940419346e-03
00263:  1.88429440382831e-01,  4.51942742069676e-01,  4.19781772466900e-01,  6.78912367710469e-01,  1.49737254121585e+00,  5.00950881900540e-01,  4.36347912869374e-02,  2.79384720974873e-03
00264:  1.87802307405123e-01,  4.50560210491533e-01,  4.19384490506330e-01,  6.73450687816499e-01,  1.49672210934803e+00,  5.07978022114941e-01,  4.45447155367560e-02,  2.86441324263748e-03
00265:  1.87176600737036e-01,  4.49183986425435e-01,  4.19043338971566e-01,  6.67893251535200e-01,  1.49584652618409e+00,  5.15524710127711e-01,  4.53614369933859e-02,  2.91947258033433e-03
00266:  1.86559396595842e-01,  4.47806975039084e-01,  4.18679672024278e-01,  6.62554017346795e-01,  1.49469224550280e+00,  5.22720872351137e-01,  4.63068825434267e-02,  2.99009857988304e-03
00267:  1.85943191698763e-01,  4.46437567678457e-01,  4.18334594283091e-01,  6.57160056714375e-01,  1.49365181254578e+00,  5.30302953463356e-01,  4.71561768464108e-02,  3.04338346478551e-03
00268:  1.85335821590001e-01,  4.45068731297686e-01,  4.17979684296494e-01,  6.52036522714204e-01,  1.49219629780424e+00,  5.37688339717111e-01,  4.81266109721077e-02,  3.11330824066099e-03
00269:  1.84727831613393e-01,  4.43706168133860e-01,  4.17636470206246e-01,  6.46742887364791e-01,  1.49090797670876e+00,  5.45273666679465e-01,  4.89996914644406e-02,  3.16829724946378e-03
00270:  1.84129274590794e-01,  4.42354233936040e-01,  4.17292727852057e-01,  6.41642305916510e-01,  1.48915942138400e+00,  5.52909303416655e-01,  4.99927013028340e-02,  3.24075379440070e-03
00271:  1.83530320657841e-01,  4.40996848397679e-01,  4.16959682899221e-01,  6.36598378760047e-01,  1.48750294425155e+00,  5.60505497939025e-01,  5.09308425632303e-02,  3.29940534951046e-03
00272:  1.82940000861443e-01,  4.39653371145239e-01,  4.16631131192349e-01,  6.31623951857944e-01,  1.48546899841898e+00,  5.68246464718042e-01,  5.19580410511423e-02,  3.37608028857052e-03
00273:  1.82350108479754e-01,  4.38303669823676e-01,  4.16310953037897e-01,  6.26766602417835e-01,  1.48336039341024e+00,  5.75894157213758e-01,  5.29400736010523e-02,  3.43511004342749e-03
00274:  1.81768158468726e-01,  4.36968140040725e-01,  4.15966301165389e-01,  6.21946308225927e-01,  1.48125634959350e+00,  5.83717272151064e-01,  5.39890189616468e-02,  3.51268748680003e-03
00275:  1.81186914291322e-01,  4.35625353830477e-01,  4.15684318861807e-01,  6.17195621639564e-01,  1.47863347606755e+00,  5.91535021732050e-01,  5.50090961762211e-02,  3.57950955133421e-03
00276:  1.80611841558168e-01,  4.34302640898580e-01,  4.15341902853590e-01,  6.12428145854958e-01,  1.47624462185913e+00,  5.99351926412238e-01,  5.60895851022595e-02,  3.65696324440379e-03
00277:  1.80040387376648e-01,  4.32964906083944e-01,  4.15073683239254e-01,  6.07864575912434e-01,  1.47325761861265e+00,  6.07431056564245e-01,  5.71409780252599e-02,  3.73308625912503e-03
00278:  1.79472180180946e-01,  4.31646674592443e-01,  4.14748555442804e-01,  6.03284227185816e-01,  1.47057162012024e+00,  6.15233762317782e-01,  5.82463715865587e-02,  3.81824734247287e-03
00279:  1.78907247338397e-01,  4.30330633296851e-01,  4.14481395618005e-01,  5.98793430695825e-01,  1.46729607277354e+00,  6.23496242489760e-01,  5.93740082428912e-02,  3.88906361723158e-03
00280:  1.78348089519597e-01,  4.29012379917589e-01,  4.14165304294681e-01,  5.94369385346396e-01,  1.46431567831471e+00,  6.31371666873452e-01,  6.05324040336286e-02,  3.97921184944628e-03
00281:  1.77788699247281e-01,  4.27710550926187e-01,  4.13909799065016e-01,  5.89993904856072e-01,  1.46083205226905e+00,  6.39702767120094e-01,  6.16878674036888e-02,  4.04489203327847e-03
00282:  1.77237773242166e-01,  4.26405381254103e-01,  4.13600981858652e-01,  5.85716657599133e-01,  1.45756824125362e+00,  6.47618887800862e-01,  6.28958292150902e-02,  4.13688432446113e-03
00283:  1.76687862766718e-01,  4.25111145413133e-01,  4.13335265712788e-01,  5.81446154571819e-01,  1.45375319725486e+00,  6.56138346954596e-01,  6.40678819009700e-02,  4.21291305477280e-03
00284:  1.76144016853191e-01,  4.23818619800445e-01,  4.13045551885180e-01,  5.77280890647690e-01,  1.45022739451468e+00,  6.64133388212871e-01,  6.53120565256117e-02,  4.30680813461266e-03
00285:  1.75601448322662e-01,  4.22540707677850e-01,  4.12770639438412e-01,  5.73169794135404e-01,  1.44608486905479e+00,  6.72706465277509e-01,  6.65243140614413e-02,  4.38643623455259e-03
00286:  1.75064934021120e-01,  4.21252842970607e-01,  4.12484559312015e-01,  5.69141941372358e-01,  1.44223383258546e+00,  6.80741401555970e-01,  6.78177485196805e-02,  4.48462185888456e-03
00287:  1.74530614000638e-01,  4.19970568449605e-01,  4.12227142357703e-01,  5.65122540203143e-01,  1.43791547299974e+00,  6.89476533630577e-01,  6.90794907678035e-02,  4.56336603007561e-03
00288:  1.74000305172255e-01,  4.18698150660023e-01,  4.11939077285479e-01,  5.61215983264567e-01,  1.43381777033265e+00,  6.97630896394369e-01,  7.04214814257434e-02,  4.66739912155648e-03
00289:  1.73476828799559e-01,  4.17416546652181e-01,  4.11688361862226e-01,  5.57318734283215e-01,  1.42917082315163e+00,  7.06384951855208e-01,  7.17353215507752e-02,  4.74923706767365e-03
00290:  1.72951915509143e-01,  4.16152848565234e-01,  4.11411606436586e-01,  5.53528123487768e-01,  1.42470427952873e+00,  7.14609659210154e-01,  7.31460526673533e-02,  4.85770733861729e-03
00291:  1.72433304319425e-01,  4.14885235799092e-01,  4.11165671517567e-01,  5.49745851615726e-01,  1.41998545517295e+00,  7.23435403287637e-01,  7.44706561611523e-02,  4.94400723567411e-03
00292:  1.71915557208348e-01,  4.13629197924805e-01,  4.10886298883836e-01,  5.46110916194111e-01,  1.41527694691443e+00,  7.31781219654829e-01,  7.59351550613941e-02,  5.05642343456947e-03
00293:  1.71403816444473e-01,  4.12366434856394e-01,  4.10651170325014e-01,  5.42415149819335e-01,  1.41035165710585e+00,  7.40606104416392e-01,  7.72899950482840e-02,  5.15084752264952e-03
00294:  1.70893017382659e-01,  4.11122325973136e-01,  4.10374625657563e-01,  5.38821579323902e-01,  1.40546768057278e+00,  7.49169228153605e-01,  7.88013034059978e-02,  5.26321026137676e-03
00295:  1.70387038967808e-01,  4.09874590140828e-01,  4.10136730883406e-01,  5.35326988346283e-01,  1.40025634597910e+00,  7.57852496779384e-01,  8.02062087719440e-02,  5.35965704962405e-03
00296:  1.69883814795627e-01,  4.08635218682420e-01,  4.09866551257882e-01,  5.31826149815863e-01,  1.39511144912824e+00,  7.66437852673451e-01,  8.17513135150467e-02,  5.47517894086356e-03
00297:  1.69382085141244e-01,  4.07397260541657e-01,  4.09635586150265e-01,  5.28487946052939e-01,  1.38966740336794e+00,  7.75091390004554e-01,  8.32212506795530e-02,  5.57257328539128e-03
00298:  1.68886714920132e-01,  4.06166015397320e-01,  4.09358212342360e-01,  5.25153657440869e-01,  1.38456995870869e+00,  7.83587508492891e-01,  8.47683135523239e-02,  5.69199401322039e-03
00299:  1.68393897442408e-01,  4.04937326243711e-01,  4.09142382176594e-01,  5.21852621788631e-01,  1.37857141578728e+00,  7.92432160024337e-01,  8.63473291832258e-02,  5.79368906643486e-03
00300:  1.67903186291415e-01,  4.03714031566165e-01,  4.08868670023552e-01,  5.18602349286219e-01,  1.37328640006357e+00,  8.00719883501614e-01,  8.79452014885134e-02,  5.91883699496088e-03
00301:  1.67418059731706e-01,  4.02497602829196e-01,  4.08660618162863e-01,  5.15407509339917e-01,  1.36698661516283e+00,  8.09872104810080e-01,  8.95929968476807e-02,  6.02017773263508e-03
00302:  1.66932949782962e-01,  4.01282765820728e-01,  4.08403230169131e-01,  5.12300823324533e-01,  1.36127452968992e+00,  8.18052334751129e-01,  9.12869488709778e-02,  6.15128100165652e-03
00303:  1.66451798915041e-01,  4.00076524458298e-01,  4.08167419270218e-01,  5.09166362873643e-01,  1.35506984472442e+00,  8.27414945401491e-01,  9.29378059040233e-02,  6.25852195036726e-03
00304:  1.65974886166581e-01,  3.98872196427655e-01,  4.07919197897967e-01,  5.06191864998814e-01,  1.34920119798412e+00,  8.35773081172619e-01,  9.46971420796884e-02,  6.39106144351413e-03
00305:  1.65496542495425e-01,  3.97679656455142e-01,  4.07663472307712e-01,  5.03140369783958e-01,  1.34285954436025e+00,  8.44992649729775e-01,  9.63644358160502e-02,  6.50707451553464e-03
00306:  1.65026778996898e-01,  3.96486033859817e-01,  4.07415852714300e-01,  5.00201765528376e-01,  1.33671784152834e+00,  8.53537980771799e-01,  9.81910296119110e-02,  6.64420982419429e-03
00307:  1.64557664210026e-01,  3.95289127095998e-01,  4.07177525218861e-01,  4.97322902504356e-01,  1.33030927471504e+00,  8.62557463365857e-01,  9.99315625558281e-02,  6.76455941715528e-03
00308:  1.64092098716228e-01,  3.94109022939853e-01,  4.06925710523982e-01,  4.94478949359755e-01,  1.32391492936360e+00,  8.71198720356773e-01,  1.01823899997251e-01,  6.90978758412136e-03
00309:  1.63633921690923e-01,  3.92908610129738e-01,  4.06696200790671e-01,  4.91716269489136e-01,  1.31740343589511e+00,  8.80022517729509e-01,  1.03633902965717e-01,  7.03402596677649e-03
00310:  1.63171883463054e-01,  3.91737728383922e-01,  4.06433260525954e-01,  4.88948840591354e-01,  1.31103728137516e+00,  8.88774818112951e-01,  1.05572922921969e-01,  7.17807826523137e-03
00311:  1.62716758765505e-01,  3.90554087690387e-01,  4.06219673748889e-01,  4.86301072136316e-01,  1.30415679449326e+00,  8.97475587496845e-01,  1.07426799650524e-01,  7.30920376922496e-03
00312:  1.62260524039184e-01,  3.89391917137968e-01,  4.05952875941355e-01,  4.83582125458174e-01,  1.29764302311493e+00,  9.06117625354442e-01,  1.09394772089618e-01,  7.45144399348936e-03
00313:  1.61809662794013e-01,  3.88217824886958e-01,  4.05744021805724e-01,  4.81073931152320e-01,  1.29059599295572e+00,  9.14854654886642e-01,  1.11317668909445e-01,  7.59086794021981e-03
00314:  1.61359881391883e-01,  3.87061826963785e-01,  4.05481158226976e-01,  4.78472699274062e-01,  1.28409677182351e+00,  9.23325571153008e-01,  1.13274352525210e-01,  7.74002553058274e-03
00315:  1.60914162967207e-01,  3.85903248155833e-01,  4.05267779713138e-01,  4.76013473691758e-01,  1.27670104527296e+00,  9.32176408188113e-01,  1.15377050525749e-01,  7.88570494517954e-03
00316:  1.60470842259445e-01,  3.84750682811069e-01,  4.04998011309602e-01,  4.73506087378431e-01,  1.27017583320377e+00,  9.40409085859599e-01,  1.17401367981627e-01,  8.04105935640400e-03
00317:  1.60028052319753e-01,  3.83606134630390e-01,  4.04793232368148e-01,  4.71146783628464e-01,  1.26254939991771e+00,  9.49379603518873e-01,  1.19564826199504e-01,  8.19219220926574e-03
00318:  1.59591254893756e-01,  3.82461767695920e-01,  4.04528424067552e-01,  4.68713374899216e-01,  1.25583800663983e+00,  9.57515329680743e-01,  1.21678775389798e-01,  8.35110181779527e-03
00319:  1.59155850498333e-01,  3.81324780448007e-01,  4.04315762451646e-01,  4.66424461926303e-01,  1.24818149600595e+00,  9.66576574618922e-01,  1.23881899762676e-01,  8.50417707763119e-03
00320:  1.58723507863168e-01,  3.80183954957372e-01,  4.04060741298532e-01,  4.64105078204720e-01,  1.24131475903052e+00,  9.74701873338149e-01,  1.26054741007948e-01,  8.66821916429828e-03
00321:  1.58294881914157e-01,  3.79059836703928e-01,  4.03847460261668e-01,  4.61849480089746e-01,  1.23359658551207e+00,  9.83628882709814e-01,  1.28341071433100e-01,  8.82183059187580e-03
00322:  1.57867041601185e-01,  3.77931567033045e-01,  4.03590161512195e-01,  4.59627016452487e-01,  1.22657051766106e+00,  9.91684767095310e-01,  1.30594521407380e-01,  8.99526436690115e-03
00323:  1.57442751067396e-01,  3.76810770278175e-01,  4.03356272590214e-01,  4.57455734081418e-01,  1.21883342062673e+00,  1.00056429062117e+00,  1.32946628422834e-01,  9.15827148364609e-03
00324:  1.57019952244833e-01,  3.75698299938659e-01,  4.03104114915079e-01,  4.55294805797883e-01,  1.21170128921212e+00,  1.00858990114935e+00,  1.35292331116142e-01,  9.34000058779069e-03
00325:  1.56600604354179e-01,  3.74584199097589e-01,  4.02844007020524e-01,  4.53241095469917e-01,  1.20400781058934e+00,  1.01725603510455e+00,  1.37661308770042e-01,  9.50792313799082e-03
00326:  1.56182602749632e-01,  3.73477490015698e-01,  4.02584209149099e-01,  4.51138343625230e-01,  1.19683925269923e+00,  1.02535462570301e+00,  1.40097425924725e-01,  9.68729531447881e-03
00327:  1.55768498061952e-01,  3.72368866645742e-01,  4.02358093445248e-01,  4.49171268303593e-01,  1.18895573071309e+00,  1.03382935062019e+00,  1.42529866489880e-01,  9.86421059406442e-03
00328:  1.55355037218972e-01,  3.71271595179684e-01,  4.02089290010417e-01,  4.47119206337371e-01,  1.18165697902526e+00,  1.04185401038429e+00,  1.45000189425001e-01,  1.00453690374837e-02
00329:  1.54946640969652e-01,  3.70158659674869e-01,  4.01879420871809e-01,  4.45358155840149e-01,  1.17354134555266e+00,  1.04971319485013e+00,  1.47587906965837e-01,  1.02439892839051e-02
00330:  1.54537562430419e-01,  3.69070454335855e-01,  4.01597148943048e-01,  4.43426864377577e-01,  1.16654947321021e+00,  1.05738259413753e+00,  1.50000206302219e-01,  1.04392994376373e-02
00331:  1.54134118903703e-01,  3.67977151976714e-01,  4.01387355127167e-01,  4.41587816928485e-01,  1.15812085679118e+00,  1.06570577912583e+00,  1.52797672794745e-01,  1.06274351226754e-02
00332:  1.53729193356068e-01,  3.66898207412538e-01,  4.01100350920082e-01,  4.39698281397242e-01,  1.15127574134441e+00,  1.07296656164965e+00,  1.55301865309912e-01,  1.08275314960032e-02
00333: -5.04429756403053e+06,  7.50777637924271e+07, -5.16753135430457e+08, -6.87126652397186e+08,  6.25235348003213e+09,  1.60435056403088e+09, -1.35547773820265e+09,  6.41380422106133e+07
00334: -8.51943435122694e+24,  7.95827222700385e+29, -1.60152392238260e+28,  9.81883980915899e+30, -6.31284405698682e+28,  1.32513409676604e+31,  4.65423330605108e+28,  3.16715959169580e+29
00335: -nan, -nan, -nan, -nan, -nan, -nan, -nan, -nan
00336: -nan, -nan, -nan, -nan, -nan, -nan, -nan, -nan
00337: -nan, -nan, -nan, -nan, -nan, -nan, -nan, -nan
00338: -nan, -nan, -nan, -nan, -nan, -nan, -nan, -nan
00339: -nan, -nan, -nan, -nan, -nan, -nan, -nan, -nan
00340: -nan, -nan, -nan, -nan, -nan, -nan, -nan, -nan
00341: -nan, -nan, -nan, -nan, -nan, -nan, -nan, -nan
00342: -nan, -nan, -nan, -nan, -nan, -nan, -nan, -nan
00343: -nan, -nan, -nan, -nan, -nan, -nan, -nan, -nan
00344: -nan, -nan, -nan, -nan, -nan, -nan, -nan, -nan
00345: -nan, -nan, -nan, -nan, -nan, -nan, -nan, -nan
00346: -nan, -nan, -nan, -nan, -nan, -nan, -nan, -nan
00347: -nan, -nan, -nan, -nan, -nan, -nan, -nan, -nan
00348: -nan, -nan, -nan, -nan, -nan, -nan, -nan, -nan
00349: -nan, -nan, -nan, -nan, -nan, -nan, -nan, -nan
00350: -nan, -nan, -nan, -nan, -nan, -nan, -nan, -nan
00351: -nan, -nan, -nan, -nan, -nan, -nan, -nan, -nan
00352: -nan, -nan, -nan, -nan, -nan, -nan, -nan, -nan
00353: -nan, -nan, -nan, -nan, -nan, -nan, -nan, -nan
00354: -nan, -nan, -nan, -nan, -nan, -nan, -nan, -nan
00355: -nan, -nan, -nan, -nan, -nan, -nan, -nan, -nan
00356: -nan, -nan, -nan, -nan, -nan, -nan, -nan, -nan
00357: -nan, -nan, -nan, -nan, -nan, -nan, -nan, -nan
00358: -nan, -nan, -nan, -nan, -nan, -nan, -nan, -nan
00359: -nan, -nan, -nan, -nan, -nan, -nan, -nan, -nan
00360: -nan, -nan, -nan, -nan, -nan, -nan, -nan, -nan
00361: -nan, -nan, -nan, -nan, -nan, -nan, -nan, -nan
00362: -nan, -nan, -nan, -nan, -nan, -nan, -nan, -nan
00363: -nan, -nan, -nan, -nan, -nan, -nan, -nan, -nan
00364: -nan, -nan, -nan, -nan, -nan, -nan, -nan, -nan
00365: -nan, -nan, -nan, -nan, -nan, -nan, -nan, -nan
00366: -nan, -nan, -nan, -nan, -nan, -nan, -nan, -nan
00367: -nan, -nan, -nan, -nan, -nan, -nan, -nan, -nan
00368: -nan, -nan, -nan, -nan, -nan, -nan, -nan, -nan
00369: -nan, -nan, -nan, -nan, -nan, -nan, -nan, -nan
00370: -nan, -nan, -nan, -nan, -nan, -nan, -nan, -nan
00371: -nan, -nan, -nan, -nan, -nan, -nan, -nan, -nan
00372: -nan, -nan, -nan, -nan, -nan, -nan, -nan, -nan
00373: -nan, -nan, -nan, -nan, -nan, -nan, -nan, -nan
00374: -nan, -nan, -nan, -nan, -nan, -nan, -nan, -nan
00375: -nan, -nan, -nan, -nan, -nan, -nan, -nan, -nan
00376: -nan, -nan, -nan, -nan, -nan, -nan, -nan, -nan
00377: -nan, -nan, -nan, -nan, -nan, -nan, -nan, -nan
00378: -nan, -nan, -nan, -nan, -nan, -nan, -nan, -nan
00379: -nan, -nan, -nan, -nan, -nan, -nan, -nan, -nan
00380: -nan, -nan, -nan, -nan, -nan, -nan, -nan, -nan
00381: -nan, -nan, -nan, -nan, -nan, -nan, -nan, -nan
00382: -nan, -nan, -nan, -nan, -nan, -nan, -nan, -nan
00383: -nan, -nan, -nan, -nan, -nan, -nan, -nan, -nan
00384: -nan, -nan, -nan, -nan, -nan, -nan, -nan, -nan
00385: -nan, -nan, -nan, -nan, -nan, -nan, -nan, -nan
00386: -nan, -nan, -nan, -nan, -nan, -nan, -nan, -nan
00387: -nan, -nan, -nan, -nan, -nan, -nan, -nan, -nan
00388: -nan, -nan, -nan, -nan, -nan, -nan, -nan, -nan
00389: -nan, -nan, -nan, -nan, -nan, -nan, -nan, -nan
00390: -nan, -nan, -nan, -nan, -nan, -nan, -nan, -nan
00391: -nan, -nan, -nan, -nan, -nan, -nan, -nan, -nan
00392: -nan, -nan, -nan, -nan, -nan, -nan, -nan, -nan
00393: -nan, -nan, -nan, -nan, -nan, -nan, -nan, -nan
00394: -nan, -nan, -nan, -nan, -nan, -nan, -nan, -nan
00395: -nan, -nan, -nan, -nan, -nan, -nan, -nan, -nan
00396: -nan, -nan, -nan, -nan, -nan, -nan, -nan, -nan
00397: -nan, -nan, -nan, -nan, -nan, -nan, -nan, -nan
00398: -nan, -nan, -nan, -nan, -nan, -nan, -nan, -nan
00399: -nan, -nan, -nan, -nan, -nan, -nan, -nan, -nan
00400: -nan, -nan, -nan, -nan, -nan, -nan, -nan, -nan
00401: -nan, -nan, -nan, -nan, -nan, -nan, -nan, -nan
00402: -nan, -nan, -nan, -nan, -nan, -nan, -nan, -nan
00403: -nan, -nan, -nan, -nan, -nan, -nan, -nan, -nan
00404: -nan, -nan, -nan, -nan, -nan, -nan, -nan, -nan
00405: -nan, -nan, -nan, -nan, -nan, -nan, -nan, -nan
00406: -nan, -nan, -nan, -nan, -nan, -nan, -nan, -nan
00407: -nan, -nan, -nan, -nan, -nan, -nan, -nan, -nan
00408: -nan, -nan, -nan, -nan, -nan, -nan, -nan, -nan
00409: -nan, -nan, -nan, -nan, -nan, -nan, -nan, -nan
00410: -nan, -nan, -nan, -nan, -nan, -nan, -nan, -nan
00411: -nan, -nan, -nan, -nan, -nan, -nan, -nan, -nan
00412: -nan, -nan, -nan, -nan, -nan, -nan, -nan, -nan
00413: -nan, -nan, -nan, -nan, -nan, -nan, -nan, -nan
00414: -nan, -nan, -nan, -nan, -nan, -nan, -nan, -nan
00415: -nan, -nan, -nan, -nan, -nan, -nan, -nan, -nan
00416: -nan, -nan, -nan, -nan, -nan, -nan, -nan, -nan
00417: -nan, -nan, -nan, -nan, -nan, -nan, -nan, -nan
00418: -nan, -nan, -nan, -nan, -nan, -nan, -nan, -nan
00419: -nan, -nan, -nan, -nan, -nan, -nan, -nan, -nan
00420: -nan, -nan, -nan, -nan, -nan, -nan, -nan, -nan
00421: -nan, -nan, -nan, -nan, -nan, -nan, -nan, -nan
00422: -nan, -nan, -nan, -nan, -nan, -nan, -nan, -nan
00423: -nan, -nan, -nan, -nan, -nan, -nan, -nan, -nan
00424: -nan, -nan, -nan, -nan, -nan, -nan, -nan, -nan
00425: -nan, -nan, -nan, -nan, -nan, -nan, -nan, -nan
00426: -nan, -nan, -nan, -nan, -nan, -nan, -nan, -nan
00427: -nan, -nan, -nan, -nan, -nan, -nan, -nan, -nan
00428: -nan, -nan, -nan, -nan, -nan, -nan, -nan, -nan
00429: -nan, -nan, -nan, -nan, -nan, -nan, -nan, -nan
00430: -nan, -nan, -nan, -nan, -nan, -nan, -nan, -nan
00431: -nan, -nan, -nan, -nan, -nan, -nan, -nan, -nan
00432: -nan, -nan, -nan, -nan, -nan, -nan, -nan, -nan
00433: -nan, -nan, -nan, -nan, -nan, -nan, -nan, -nan
00434: -nan, -nan, -nan, -nan, -nan, -nan, -nan, -nan
00435: -nan, -nan, -nan, -nan, -nan, -nan, -nan, -nan
00436: -nan, -nan, -nan, -nan, -nan, -nan, -nan, -nan
00437: -nan, -nan, -nan, -nan, -nan, -nan, -nan, -nan
00438: -nan, -nan, -nan, -nan, -nan, -nan, -nan, -nan
00439: -nan, -nan, -nan, -nan, -nan, -nan, -nan, -nan
00440: -nan, -nan, -nan, -nan, -nan, -nan, -nan, -nan
00441: -nan, -nan, -nan, -nan, -nan, -nan, -nan, -nan
00442: -nan, -nan, -nan, -nan, -nan, -nan, -nan, -nan
00443: -nan, -nan, -nan, -nan, -nan, -nan, -nan, -nan
00444: -nan, -nan, -nan, -nan, -nan, -nan, -nan, -nan
00445: -nan, -nan, -nan, -nan, -nan, -nan, -nan, -nan
00446: -nan, -nan, -nan, -nan, -nan, -nan, -nan, -nan
00447: -nan, -nan, -nan, -nan, -nan, -nan, -nan, -nan
00448: -nan, -nan, -nan, -nan, -nan, -nan, -nan, -nan
00449: -nan, -nan, -nan, -nan, -nan, -nan, -nan, -nan
00450: -nan, -nan, -nan, -nan, -nan, -nan, -nan, -nan
00451: -nan, -nan, -nan, -nan, -nan, -nan, -nan, -nan
00452: -nan, -nan, -nan, -nan, -nan, -nan, -nan, -nan
00453: -nan, -nan, -nan, -nan, -nan, -nan, -nan, -nan
00454: -nan, -nan, -nan, -nan, -nan, -nan, -nan, -nan
00455: -nan, -nan, -nan, -nan, -nan, -nan, -nan, -nan
00456: -nan, -nan, -nan, -nan, -nan, -nan, -nan, -nan
00457: -nan, -nan, -nan, -nan, -nan, -nan, -nan, -nan
00458: -nan, -nan, -nan, -nan, -nan, -nan, -nan, -nan
00459: -nan, -nan, -nan, -nan, -nan, -nan, -nan, -nan
00460: -nan, -nan, -nan, -nan, -nan, -nan, -nan, -nan
00461: -nan, -nan, -nan, -nan, -nan, -nan, -nan, -nan
00462: -nan, -nan, -nan, -nan, -nan, -nan, -nan, -nan
00463: -nan, -nan, -nan, -nan, -nan, -nan, -nan, -nan
00464: -nan, -nan, -nan, -nan, -nan, -nan, -nan, -nan
00465: -nan, -nan, -nan, -nan, -nan, -nan, -nan, -nan
00466: -nan, -nan, -nan, -nan, -nan, -nan, -nan, -nan
00467: -nan, -nan, -nan, -nan, -nan, -nan, -nan, -nan
00468: -nan, -nan, -nan, -nan, -nan, -nan, -nan, -nan
00469: -nan, -nan, -nan, -nan, -nan, -nan, -nan, -nan
00470: -nan, -nan, -nan, -nan, -nan, -nan, -nan, -nan
00471: -nan, -nan, -nan, -nan, -nan, -nan, -nan, -nan
00472: -nan, -nan, -nan, -nan, -nan, -nan, -nan, -nan
00473: -nan, -nan, -nan, -nan, -nan, -nan, -nan, -nan
00474: -nan, -nan, -nan, -nan, -nan, -nan, -nan, -nan
00475: -nan, -nan, -nan, -nan, -nan, -nan, -nan, -nan
00476: -nan, -nan, -nan, -nan, -nan, -nan, -nan, -nan
00477: -nan, -nan, -nan, -nan, -nan, -nan, -nan, -nan
00478: -nan, -nan, -nan, -nan, -nan, -nan, -nan, -nan
00479: -nan, -nan, -nan, -nan, -nan, -nan, -nan, -nan
00480: -nan, -nan, -nan, -nan, -nan, -nan, -nan, -nan
00481: -nan, -nan, -nan, -nan, -nan, -nan, -nan, -nan
00482: -nan, -nan, -nan, -nan, -nan, -nan, -nan, -nan
00483: -nan, -nan, -nan, -nan, -nan, -nan, -nan, -nan
00484: -nan, -nan, -nan, -nan, -nan, -nan, -nan, -nan
00485: -nan, -nan, -nan, -nan, -nan, -nan, -nan, -nan
00486: -nan, -nan, -nan, -nan, -nan, -nan, -nan, -nan
00487: -nan, -nan, -nan, -nan, -nan, -nan, -nan, -nan
00488: -nan, -nan, -nan, -nan, -nan, -nan, -nan, -nan
00489: -nan, -nan, -nan, -nan, -nan, -nan, -nan, -nan
00490: -nan, -nan, -nan, -nan, -nan, -nan, -nan, -nan
00491: -nan, -nan, -nan, -nan, -nan, -nan, -nan, -nan
00492: -nan, -nan, -nan, -nan, -nan, -nan, -nan, -nan
00493: -nan, -nan, -nan, -nan, -nan, -nan, -nan, -nan
00494: -nan, -nan, -nan, -nan, -nan, -nan, -nan, -nan
00495: -nan, -nan, -nan, -nan, -nan, -nan, -nan, -nan
00496: -nan, -nan, -nan, -nan, -nan, -nan, -nan, -nan
00497: -nan, -nan, -nan, -nan, -nan, -nan, -nan, -nan
00498: -nan, -nan, -nan, -nan, -nan, -nan, -nan, -nan
00499: -nan, -nan, -nan, -nan, -nan, -nan, -nan, -nan
00500: -nan, -nan, -nan, -nan, -nan, -nan, -nan, -nan
00501: -nan, -nan, -nan, -nan, -nan, -nan, -nan, -nan
00502: -nan, -nan, -nan, -nan, -nan, -nan, -nan, -nan
00503: -nan, -nan, -nan, -nan, -nan, -nan, -nan, -nan
00504: -nan, -nan, -nan, -nan, -nan, -nan, -nan, -nan
00505: -nan, -nan, -nan, -nan, -nan, -nan, -nan, -nan
00506: -nan, -nan, -nan, -nan, -nan, -nan, -nan, -nan
00507: -nan, -nan, -nan, -nan, -nan, -nan, -nan, -nan
00508: -nan, -nan, -nan, -nan, -nan, -nan, -nan, -nan
00509: -nan, -nan, -nan, -nan, -nan, -nan, -nan, -nan
00510: -nan, -nan, -nan, -nan, -nan, -nan, -nan, -nan
00511: -nan, -nan, -nan, -nan, -nan, -nan, -nan, -nan
00512: -nan, -nan, -nan, -nan, -nan, -nan, -nan, -nan
